diary on
sol=bis(1,2,0.000001)
----
número de iteraciones realizadas
    20


sol =

    1.8794    1.8794

[c,cy]=cuerda(-2,-1,0.000001,1)
nº de iteraciones= 
    16


c =

   -1.5321


cy =

   5.0600e-07

solv=secante(-1,0,10^-10)
diferencia menor que tolerancia
nº de iteraciones realizadas= 
     8


solv =

   -1.0000         0         0
         0         0         0
   -0.5000    0.5000       Inf
   -0.3636    0.1364    0.2727
   -0.3461    0.0176    0.1289
   -0.3473    0.0012    0.0710
   -0.3473    0.0000    0.0065
   -0.3473    0.0000    0.0005
   -0.3473    0.0000    0.0000

[solu,sol1,sol2]=punfij(0.8,0.00001,1)
diferencia menor que tolerancia
nº de iteraciones realizadas= 
    23


solu =

    0.8000         0         0
   -0.5001    1.3001         0
   -0.0645    0.4356    0.3351
   -0.3426    0.2781    0.6383
   -0.1904    0.1522    0.5474
   -0.2832    0.0928    0.6097
   -0.2296    0.0535    0.5771
   -0.2616    0.0320    0.5975
   -0.2429    0.0187    0.5859
   -0.2540    0.0111    0.5929
   -0.2474    0.0065    0.5888
   -0.2513    0.0039    0.5912
   -0.2490    0.0023    0.5898
   -0.2504    0.0013    0.5906
   -0.2496    0.0008    0.5901
   -0.2500    0.0005    0.5904
   -0.2498    0.0003    0.5903
   -0.2499    0.0002    0.5904
   -0.2498    0.0001    0.5903
   -0.2499    0.0001    0.5903
   -0.2499    0.0000    0.5903
   -0.2499    0.0000    0.5903
   -0.2499    0.0000    0.5903
   -0.2499    0.0000    0.5903


sol1 =

    0.8000
   -0.5001
   -0.5001
   -0.0645
   -0.0645
   -0.3426
   -0.3426
   -0.1904
   -0.1904
   -0.2832
   -0.2832
   -0.2296
   -0.2296
   -0.2616
   -0.2616
   -0.2429
   -0.2429
   -0.2540
   -0.2540
   -0.2474
   -0.2474
   -0.2513
   -0.2513
   -0.2490
   -0.2490
   -0.2504
   -0.2504
   -0.2496
   -0.2496
   -0.2500
   -0.2500
   -0.2498
   -0.2498
   -0.2499
   -0.2499
   -0.2498
   -0.2498
   -0.2499
   -0.2499
   -0.2499
   -0.2499
   -0.2499
   -0.2499
   -0.2499
   -0.2499
   -0.2499


sol2 =

   -0.5001
   -0.5001
   -0.0645
   -0.0645
   -0.3426
   -0.3426
   -0.1904
   -0.1904
   -0.2832
   -0.2832
   -0.2296
   -0.2296
   -0.2616
   -0.2616
   -0.2429
   -0.2429
   -0.2540
   -0.2540
   -0.2474
   -0.2474
   -0.2513
   -0.2513
   -0.2490
   -0.2490
   -0.2504
   -0.2504
   -0.2496
   -0.2496
   -0.2500
   -0.2500
   -0.2498
   -0.2498
   -0.2499
   -0.2499
   -0.2498
   -0.2498
   -0.2499
   -0.2499
   -0.2499
   -0.2499
   -0.2499
   -0.2499
   -0.2499
   -0.2499
   -0.2499
   -0.2499

solu=new(1.5,0.01,1)
diferencia menor que tolerancia
nº de iteraciones realizadas= 
    19


solu =

    1.5000         0         0
   -2.8278    4.3278         0
   -1.9494    0.8785    0.2030
   -1.4012    0.5481    0.6240
   -1.6635    0.2623    0.4786
   -1.4494    0.2142    0.8164
   -1.6088    0.1594    0.7443
   -1.4785    0.1303    0.8175
   -1.5794    0.1010    0.7747
   -1.4971    0.0823    0.8150
   -1.5620    0.0648    0.7878
   -1.5093    0.0526    0.8121
   -1.5511    0.0418    0.7945
   -1.5173    0.0339    0.8096
   -1.5443    0.0270    0.7982
   -1.5225    0.0218    0.8078
   -1.5400    0.0175    0.8004
   -1.5259    0.0141    0.8066
   -1.5372    0.0113    0.8018
   -1.5281    0.0091    0.8057

diary off
