diary on
sol=bis(1,2,0.000001)
----
número de iteraciones realizadas
    20


sol =

    1.8794    1.8794

[c,cy]=cuerda(-2,-1,0.000001,1)
nº de iteraciones= 
    16


c =

   -1.5321


cy =

   5.0600e-07

solv=secante(-1,0,10^-10)
diferencia menor que tolerancia
nº de iteraciones realizadas= 
     8


solv =

   -1.0000         0         0
         0         0         0
   -0.5000    0.5000       Inf
   -0.3636    0.1364    0.2727
   -0.3461    0.0176    0.1289
   -0.3473    0.0012    0.0710
   -0.3473    0.0000    0.0065
   -0.3473    0.0000    0.0005
   -0.3473    0.0000    0.0000

punfij(1.2,0.000001,1)
diferencia menor que tolerancia
nº de iteraciones realizadas= 
    12


ans =

    1.2000         0         0
    1.6631    0.4631         0
    1.8160    0.1529    0.3302
    1.8613    0.0452    0.2958
    1.8742    0.0130    0.2867
    1.8779    0.0037    0.2841
    1.8790    0.0010    0.2834
    1.8793    0.0003    0.2832
    1.8794    0.0001    0.2831
    1.8794    0.0000    0.2831
    1.8794    0.0000    0.2831
    1.8794    0.0000    0.2831
    1.8794    0.0000    0.2831

solu=new(1.5,0.01,1)
diferencia menor que tolerancia
nº de iteraciones realizadas= 
    19


solu =

    1.5000         0         0
   -2.8278    4.3278         0
   -1.9494    0.8785    0.2030
   -1.4012    0.5481    0.6240
   -1.6635    0.2623    0.4786
   -1.4494    0.2142    0.8164
   -1.6088    0.1594    0.7443
   -1.4785    0.1303    0.8175
   -1.5794    0.1010    0.7747
   -1.4971    0.0823    0.8150
   -1.5620    0.0648    0.7878
   -1.5093    0.0526    0.8121
   -1.5511    0.0418    0.7945
   -1.5173    0.0339    0.8096
   -1.5443    0.0270    0.7982
   -1.5225    0.0218    0.8078
   -1.5400    0.0175    0.8004
   -1.5259    0.0141    0.8066
   -1.5372    0.0113    0.8018
   -1.5281    0.0091    0.8057

diary off
