diary on
A=[2,1,3
-4,1,-1
0,2,3]

A =

     2     1     3
    -4     1    -1
     0     2     3

B=[2;10;1]

B =

     2
    10
     1

[x]=elgaus(A,B)

x =

  -18.0000
  -37.0000
   25.0000

[x,L,U]=elgaus(A,B)

x =

  -18.0000
  -37.0000
   25.0000


L =

    1.0000         0         0
   -2.0000    1.0000         0
         0    0.6667    1.0000


U =

    2.0000    1.0000    3.0000
         0    3.0000    5.0000
         0         0   -0.3333

L*U

ans =

     2     1     3
    -4     1    -1
     0     2     3

ans-A

ans =

     0     0     0
     0     0     0
     0     0     0

A3 =[4,1,2
3,1,4
5,1,3]

A3 =

     4     1     2
     3     1     4
     5     1     3

B1=[19;25;25
]

B1 =

    19
    25
    25

[X]=elgaus1(A3,B1)

X =

     2
     3
     4

B4=[13,8
16 12
16 10]

B4 =

    13     8
    16    12
    16    10

[X]=elgaus1(A3,B4)

X =

     1     0
     5     4
     2     2

[X,L,U]=elgaus1(A3,B4)

X =

     1     0
     5     4
     2     2


L =

    1.0000         0         0
    0.7500    1.0000         0
    1.2500   -1.0000    1.0000


U =

    4.0000    1.0000    2.0000
         0    0.2500    2.5000
         0         0    3.0000

C=[2 0 1 2
1 1 0 2
2 -1 3 1
3 -1 4 3]

C =

     2     0     1     2
     1     1     0     2
     2    -1     3     1
     3    -1     4     3

H=eye(4)

H =

     1     0     0     0
     0     1     0     0
     0     0     1     0
     0     0     0     1

[X]=elgaus1(C,H)

X =

    1.0000   -0.0000    1.0000   -1.0000
   -1.0000    1.6667    1.6667   -1.0000
   -1.0000    0.6667    0.6667         0
         0   -0.3333   -1.3333    1.0000

[I,L,U]=inversa(C)

I =

    1.0000   -0.0000    1.0000   -1.0000
   -1.0000    1.6667    1.6667   -1.0000
   -1.0000    0.6667    0.6667         0
         0   -0.3333   -1.3333    1.0000


L =

    1.0000         0         0         0
    0.5000    1.0000         0         0
    1.0000   -1.0000    1.0000         0
    1.5000   -1.0000    1.3333    1.0000


U =

    2.0000         0    1.0000    2.0000
         0    1.0000   -0.5000    1.0000
         0         0    1.5000         0
         0         0         0    1.0000

I*C

ans =

    1.0000         0         0         0
   -0.0000    1.0000         0   -0.0000
   -0.0000         0    1.0000   -0.0000
         0         0         0    1.0000

G=[2 2 3 2
0 2 0 1
6 1 -6 -5
4 -3 0 1]

G =

     2     2     3     2
     0     2     0     1
     6     1    -6    -5
     4    -3     0     1

[d,L,U] = deter(G)

d =

 -234.0000


L =

    1.0000         0         0         0
         0    1.0000         0         0
    3.0000   -2.5000    1.0000         0
    2.0000   -3.5000    0.4000    1.0000


U =

    2.0000    2.0000    3.0000    2.0000
         0    2.0000         0    1.0000
         0         0  -15.0000   -8.5000
         0         0         0    3.9000

det(L)

ans =

    1.0000

det(U)

ans =

 -234.0000

f=[7 -1 4
3 -8 2
4 1 -6]

f =

     7    -1     4
     3    -8     2
     4     1    -6

B=[8;-4;3]

B =

     8
    -4
     3

x0=[0
0
0]

x0 =

     0
     0
     0

y=jacobi(f,B,x0,10^-3)
nº de iteraciones
    13


y =

    1.0687
    0.9952
    0.3780

f*y

ans =

    7.9973
   -3.9998
    3.0018

B

B =

     8
    -4
     3

y=jacobi(f,B,x0,10)
nº de iteraciones
     1


y =

    1.1429
    0.5000
   -0.5000

diary off
